How many countries do you want to add to the list?
10
Country to Add: Low income 0.0   0.0   0.0   0.0   0.0   0.0   0.0   0.0   0.0   0.0   0.0   0.0   0.0   0
.0 0.0   0.0   0.0   0.0   0.0   0.0   0.0   0.0   0.0   0.0   0.0   0.0   0.0   0.0   0.0   0.0   0.0   0.0   6.89E
-5 2.79804E-4  8.84608E-4  0.005382512 0.010084564 0.021251709 0.055905681 0.14149
3567  0.328224203 0.584093464 0.988027922 1.76273423  2.698739409 4.011206909 6.97
2299109  11.53443273 17.73774448 22.54873138 29.18754415 36.61704025 42.60501493 
49.85186548 55.80996125 0.0   
Adding country with name Low income to the end of the list.
Country to Add: Tunisia 0.0   0.0   0.0   0.0   0.0   0.0   0.0   0.0   0.0   0.0   0.0   0.0   0.0   0.0   
0.0   0.0   0.0   0.0   0.0   0.0   0.0   0.0   0.0   0.0   0.0   0.0   0.0   0.002960144 0.005168674 0.00
8001798  0.011714378 0.014893085 0.023225483 0.026164191 0.030665204 0.035457247 
0.071298377 0.082881819 0.417204648 0.584649115 1.247438441 4.032357658 5.890825
052   19.47260184 37.55460363 56.51703373 72.23298695 76.33512661 82.7810914  93.20
555476   104.5370929 115.2010779 118.1056496 115.6035799 128.4857675 0.0   
Adding country with name Tunisia to the end of the list.
Country to Add: Kyrgyz Republic  0.0   0.0   0.0   0.0   0.0   0.0   0.0   0.0   0.0   0.0   0.0   0.0   
0.0   0.0   0.0   0.0   0.0   0.0   0.0   0.0   0.0   0.0   0.0   0.0   0.0   0.0   0.0   0.0   0.0   0.0   0.0   0.0   
0.0   0.0   0.0   0.0   0.0   0.0   0.027985829 0.052542783 0.181640211 0.541281538 1.060959
82 2.760361261 5.247235178 10.74198875 24.82981805 42.23224718 65.30377271 85.22
197941   98.89869621 116.1691884 124.1795305 121.4498189 134.4608681 0.0   
Adding country with name Kyrgyz Republic to the end of the list.
Country to Add: Japan   0.0   0.0   0.0   0.0   0.0   0.0   0.0   0.0   0.0   0.0   0.0   0.0   0.0   0.0   0.
0  0.0   0.0   0.0   0.0   0.0   0.0   0.011363484 0.016824553 0.022941813 0.033852133 0.0515
04866 0.078913191 0.124583309 0.200018213 0.401833216 0.710088407 1.123129273 1.
390274425   1.723586246 3.490181339 9.408600615 21.56058437 30.59119313 37.7654504
1  45.30199511 53.12376978 59.39257273 64.25260095 68.48920048 72.15580043 75.984
36507 78.51905384 84.35360774 86.70710553 91.31743648 96.80752449 104.2742326 11
0.9073543   116.3154258 120.2329983 0.0   
Adding country with name Japan to the end of the list.
Country to Add: Cabo Verde 0.0   0.0   0.0   0.0   0.0   0.0   0.0   0.0   0.0   0.0   0.0   0.0   0.0   0
.0 0.0   0.0   0.0   0.0   0.0   0.0   0.0   0.0   0.0   0.0   0.0   0.0   0.0   0.0   0.0   0.0   0.0   0.0   0.0   0
.0 0.0   0.0   0.0   0.004789708 0.239474846 1.858266846 4.459276806 6.988944394 9.354
227469   11.42376199 13.89003267 17.07319111 22.58745902 31.46741973 57.29277356 5
9.83377049  76.26543014 80.81218046 86.02531144 100.1124481 121.7897017 0.0   
Adding country with name Cabo Verde to the end of the list.
Country to Add: Austria 0.0   0.0   0.0   0.0   0.0   0.0   0.0   0.0   0.0   0.0   0.0   0.0   0.0   0.0   
0.0   0.0   0.0   0.0   0.0   0.0   0.0   0.0   0.0   0.0   0.0   0.128856131 0.25189156  0.345358749 0
.48515954   0.664667026 0.96086037  1.493599184 2.211730703 2.805498884 3.504549191
   4.80296973  7.475118128 14.47070198 28.62886002 53.07787628 76.26932886 81.26031
128   83.24472516 89.33569564 97.54481697 105.1755856 112.124675  119.2569828 129.6
551516   136.57901   145.6928199 154.426039  160.5397387 156.2304116 151.9112515 0.0   
Adding country with name Austria to the end of the list.
Country to Add: St. Vincent and the Grenadines  0.0   0.0   0.0   0.0   0.0   0.0   0.0   0.0   0
.0 0.0   0.0   0.0   0.0   0.0   0.0   0.0   0.0   0.0   0.0   0.0   0.0   0.0   0.0   0.0   0.0   0.0   0.0   0.0   0
.0 0.0   0.0   0.0   0.064814215 0.076782889 0.138723192 0.198849448 0.259072152 0.320
367404   0.694939911 1.316289547 2.188198004 6.937743659 9.229773463 58.06115198 6
6.32154898  64.93852817 80.46608146 101.326058  119.1832023 110.8605113 120.559661
9  120.5309217 116.1090946 114.6334104 105.1622459 0.0   
Adding country with name St. Vincent and the Grenadines to the end of the list.
Country to Add: Middle East & North Africa   0.0   0.0   0.0   0.0   0.0   0.0   0.0   0.0   0.0   0
.0 0.0   0.0   0.0   0.0   0.0   0.0   0.0   0.0   0.0   0.0   0.0   0.0   0.001270582 0.001884193 0.002
530455   0.004114081 0.010390566 0.015845469 0.017983137 0.02607829  0.040852033 0.
060096401   0.072052631 0.098930511 0.148921586 0.346883773 0.712470885 1.21419931
7  1.707179743 2.476591392 4.616647347 7.619606522 10.37697167 13.45635873 18.623
08736 28.65162516 41.01747779 56.76405278 68.79413804 82.72177002 92.92326543 99
.66948466   104.8890387 110.5943456 110.1585564 0.0   
Adding country with name Middle East & North Africa to the end of the list.
Country to Add: Bhutan  0.0   0.0   0.0   0.0   0.0   0.0   0.0   0.0   0.0   0.0   0.0   0.0   0.0   0.0   0
.0 0.0   0.0   0.0   0.0   0.0   0.0   0.0   0.0   0.0   0.0   0.0   0.0   0.0   0.0   0.0   0.0   0.0   0.0   0.0   0
.0 0.0   0.0   0.0   0.0   0.0   0.0   0.0   0.0   0.365843964 3.019121524 5.53491068  12.3320231
7  21.99686472 36.61427504 48.10756491 54.99993723 66.37918152 75.6097824  72.1983
1102  82.07006186 0.0   
Adding country with name Bhutan to the end of the list.
Country to Add: Haiti   0.0   0.0   0.0   0.0   0.0   0.0   0.0   0.0   0.0   0.0   0.0   0.0   0.0   0.0   0.
0  0.0   0.0   0.0   0.0   0.0   0.0   0.0   0.0   0.0   0.0   0.0   0.0   0.0   0.0   0.0   0.0   0.0   0.0   0.0   0.
0  0.0   0.0   0.0   0.120690009 0.296442489 0.641157609 1.049282205 1.580200539 3.5570
45958 4.381193159 5.401215155 12.78140119 26.27785531 33.20103068 37.35732558 40
.41873813   41.86242333 59.90841158 69.39885695 64.70745958 0.0   
Adding country with name Haiti to the end of the list.

List of countries: Low income Tunisia Kyrgyz Republic Japan Cabo Verde Austria S
t. Vincent and the Grenadines Middle East & North Africa Bhutan Haiti 
first: Low income 0.0   0.0   0.0   0.0   0.0   0.0   0.0   0.0   0.0   0.0   0.0   0.0   0.0   0.0   0.0   0.
0  0.0   0.0   0.0   0.0   0.0   0.0   0.0   0.0   0.0   0.0   0.0   0.0   0.0   0.0   0.0   0.0   6.89E-5  2.7980
4E-4  8.84608E-4  0.005382512 0.010084564 0.021251709 0.055905681 0.141493567 0.32
8224203  0.584093464 0.988027922 1.76273423  2.698739409 4.011206909 6.972299109 1
1.53443273  17.73774448 22.54873138 29.18754415 36.61704025 42.60501493 49.851865
48 55.80996125 0.0   
middle: Austria   0.0   0.0   0.0   0.0   0.0   0.0   0.0   0.0   0.0   0.0   0.0   0.0   0.0   0.0   0.0   0.0   
0.0   0.0   0.0   0.0   0.0   0.0   0.0   0.0   0.0   0.128856131 0.25189156  0.345358749 0.4851595
4  0.664667026 0.96086037  1.493599184 2.211730703 2.805498884 3.504549191 4.80296
973   7.475118128 14.47070198 28.62886002 53.07787628 76.26932886 81.26031128 83.2
4472516  89.33569564 97.54481697 105.1755856 112.124675  119.2569828 129.6551516 1
36.57901 145.6928199 154.426039  160.5397387 156.2304116 151.9112515 0.0   
last: Haiti 0.0   0.0   0.0   0.0   0.0   0.0   0.0   0.0   0.0   0.0   0.0   0.0   0.0   0.0   0.0   0.0   0.0   
0.0   0.0   0.0   0.0   0.0   0.0   0.0   0.0   0.0   0.0   0.0   0.0   0.0   0.0   0.0   0.0   0.0   0.0   0.0   0.0   
0.0   0.120690009 0.296442489 0.641157609 1.049282205 1.580200539 3.557045958 4.38
1193159  5.401215155 12.78140119 26.27785531 33.20103068 37.35732558 40.41873813 
41.86242333 59.90841158 69.39885695 64.70745958 0.0   

What country do you want to search for?
A
Country: A
Country not found.
Country A found with details:
A  

What country do you want to search for?
Haiti
Country: Haiti
Country Haiti found with details:
Haiti 0.0   0.0   0.0   0.0   0.0   0.0   0.0   0.0   0.0   0.0   0.0   0.0   0.0   0.0   0.0   0.0   0.0   0.0   0.
0  0.0   0.0   0.0   0.0   0.0   0.0   0.0   0.0   0.0   0.0   0.0   0.0   0.0   0.0   0.0   0.0   0.0   0.0   0.0   0.
120690009   0.296442489 0.641157609 1.049282205 1.580200539 3.557045958 4.38119315
9  5.401215155 12.78140119 26.27785531 33.20103068 37.35732558 40.41873813 41.862
42333 59.90841158 69.39885695 64.70745958 0.0   

What country do you want to search for?
USA
Country: USA
Country not found.
Country USA found with details:
USA   
USA Low income Tunisia Kyrgyz Republic Japan USA USA Cabo Verde Austria St. Vinc
ent and the Grenadines Middle East & North Africa Bhutan Haiti 

Done with TestCountryList.